0
40
80
120
160
200
240
280
320
360
400
440
480
520
560
600
610
615
620
625
630
635
640
645
650
655
660
665
670
675
680
685
690
695
720
760
800
840
880
920
945
950
955
960
965
970
975
980
985
990
995
1000
1005
1010
1015
1020
1025
1030
1035
1040
1080
1120
1160
1200
1240
1280
1320
1360
1400
1420
1425
1430
1435
1440
1450
1480
1520
1560
1600
1640
1680
1720
1725
1730
1735
1740
1745
1750
1755
1760
1765
1770
1775
1780
1785
1790
1795
1800
1805
1840
1880
1920
1960
2000
2040
2080
2120
2140
2145
2150
2155
2160
2165
2170
2175
2180
2185
2190
2195
2200
2205
2210
2215
2220
2225
2240
2280
2320
2360
2400
2440
2480
2520
2560
2600
2640
2680
2720
2760
2800
2840
2865
2870
2875
2880
2885
2890
2895
2900
2905
2910
2915
2920
2925
2930
2935
2940
2945
2950
2960
3000
3040
3080
3120
3160
3200
3240
3280
3320
3360
3400
3440
3460
3465
3470
3475
3480
3485
3490
3495
3500
3505
3510
3515
3520
3525
3530
3535
3540
3545
3560
3600
3640
3680
3720
3760
3775
3780
3785
3790
3795
3800
3805
3810
3815
3820
3825
3830
3835
3840
3845
3850
3855
3860
3880
3920
3960
4000
4040
4080
4115
4120
4125
4130
4135
4140
4145
4150
4155
4160
4165
4170
4175
4180
4185
4190
4195
4200
4240
4279
